arg1 = [[4,3], 
 [1,15,3,2,0], 
 [1,0,4], 
 [6,3], 
 [2,3]]
assert f(arg1) == [1, 15, 6, 3, 1, 0, 2, 3, 4, 3]

arg1 = [[5,6], 
 [5,6,0]]
assert f(arg1) == [5, 6, 5, 6]

arg1 = [[5427,4527,3,4,2], 
 [5155,3684,0], 
 [270,877], 
 [5621,1104], 
 [9814,6901], 
 [5460,5587,1]]
assert f(arg1) == [5460, 5587, 5155, 3684, 5427, 4527, 5621, 1104, 9814, 6901, 270, 877]

arg1 = [[5604,5022]]
assert f(arg1) == [5604, 5022]

arg1 = [[9417,4424,1], 
 [2873,3937,4], 
 [673,8427], 
 [6119,9716,5], 
 [9241,8561,9], 
 [8552,1055,0], 
 [245,9624,2], 
 [1929,3610,8], 
 [1463,1156,6], 
 [9071,7102,7]]
assert f(arg1) == [6119, 9716, 8552, 1055, 9417, 4424, 2873, 3937, 9241, 8561, 9071, 7102, 1929, 3610, 1463, 1156, 245, 9624, 673, 8427]

arg1 = [[7786,9023,6,3,4,2,1,5,7,8], 
 [5234,6320], 
 [8553,8303], 
 [437,6945], 
 [3014,7697], 
 [3291,9875], 
 [1910,7997], 
 [1338,6122], 
 [6137,6521]]
assert f(arg1) == [7786, 9023, 1910, 7997, 437, 6945, 3014, 7697, 8553, 8303, 5234, 6320, 3291, 9875, 1338, 6122, 6137, 6521]